connected
100, 2
100, 2
61.7317,45.6768,0
37.723,92.4615,1
66.5174,54.3831,0
75.1238,70.9058,2
83.1037,46.0629,0
23.2675,56.3938,1
88.7136,56.5306,2
84.8736,16.0368,0
71.9504,71.1078,2
70.4181,98.5811,2
43.7115,74.4132,1
71.2704,57.3106,2
54.2332,90.2797,1
6.92009,1.62159,0
62.6488,16.5993,0
52.7661,71.7202,1
74.1883,81.3699,2
72.7295,52.3078,2
1.47796,25.6266,0
1.98261,26.4734,0
88.6723,45.0887,2
79.9105,46.3033,2
74.5923,46.9728,2
13.0023,44.0315,0
88.7348,44.9143,2
97.0671,14.7314,2
17.3621,58.8282,0
14.64,9.84955,0
27.9225,17.9228,0
16.821,15.7069,0
92.8846,31.4799,2
57.513,14.0489,2
15.5045,67.9581,1
94.5271,76.5155,2
25.7501,26.205,0
15.5831,64.7998,1
81.9076,6.00955,2
18.1678,10.3649,0
37.4242,74.1291,1
6.85946,29.516,0
94.8462,64.4075,2
51.2887,37.4507,2
32.9131,99.0223,1
18.6376,66.7392,1
42.4752,61.7212,1
19.2274,22.6396,0
69.0824,14.9531,2
89.199,86.2628,1
20.0746,58.8515,0
21.9371,88.0789,1
50.6407,63.2996,1
4.97327,19.9769,0
98.9345,15.8342,2
38.4279,94.8701,1
52.1674,20.7465,2
37.7651,71.015,1
38.1319,71.5792,1
6.47786,6.04728,0
69.4855,19.4283,2
29.2203,49.0803,1
13.867,74.0836,1
5.79643,26.7653,0
22.3847,48.8554,1
33.0604,97.0768,1
90.0164,80.4272,1
9.29003,5.85967,0
98.1541,11.2166,2
68.2663,22.4868,2
23.1221,87.8137,1
61.9103,3.55309,2
58.5553,65.968,1
41.0444,67.0966,1
20.3984,89.8317,1
38.9726,50.2119,1
17.9353,71.5379,1
13.5642,46.3596,1
47.1169,93.1568,1
91.4283,39.1996,2
15.5258,57.3433,1
77.6499,64.0672,2
16.7,32.0033,0
82.1343,75.4542,2
70.4819,37.9531,2
20.4436,93.0353,1
10.4155,45.4774,0
36.4087,67.2869,1
12.1299,35.3118,0
6.27135,54.3264,0
83.5823,56.5504,2
12.0926,52.2616,0
52.1041,69.2184,1
12.802,81.3878,1
24.3301,69.0263,1
78.7797,11.5792,2
97.4921,1.32284,2
53.3618,52.4468,1
56.4035,84.8433,1
4.77301,39.6138,0
82.2664,99.0621,1
49.1588,78.457,1
30.1571,39.6962,0
35.0283,2.8212,0
55.1211,19.6951,0
79.1833,44.93,2
79.8213,2.3567,2
58.2468,71.3222,1
40.2519,26.9722,0
5.72116,38.1829,0
35.6407,7.32085,0
62.3339,51.8752,1
71.0788,88.2289,1
74.5629,27.2457,2
7.18639,75.298,1
84.8462,27.1671,2
55.8842,30.0482,2
8.84287,9.79261,0
4.68801,79.8096,1
1.23044,0.0438146,0
65.1205,49.8625,2
21.6704,70.3632,1
26.5424,56.9686,1
11.2765,56.0029,1
44.6295,70.8069,1
45.1644,13.9773,2
57.5923,67.1065,1
5.4223,76.0714,1
94.1973,87.9805,1
17.1281,70.6866,1
21.918,3.34037,0
50.1234,71.9421,1
8.29474,56.7282,1
49.3968,89.8653,1
15.868,73.9424,1
91.7944,68.5888,2
18.7208,38.8723,0
76.8878,30.6525,2
79.8381,37.7579,2
75.7029,87.4094,2
16.5612,27.1038,0
2.88917,18.1894,0
56.9599,39.5096,2
13.5044,31.361,0
58.1294,20.0384,2
70.6273,47.6302,2
55.2814,95.7973,1
79.2821,29.2096,2
39.176,13.729,0
73.8058,73.2164,1
40.7307,24.8346,0
17.2985,14.1488,0
16.0081,16.0706,0
99.7346,60.3238,2
95.6456,65.4972,2
58.1851,80.8673,1
10.4408,57.3255,0
74.7069,71.8663,1
23.5566,53.6484,0
73.4842,56.2223,2
75.9623,22.9786,2
14.5692,29.2337,0
78.2365,37.6983,2
71.3411,38.248,2
30.3025,40.7195,0
65.6057,35.7684,2
79.9362,24.3756,2
0.00124492,23.0793,0
71.4992,82.6465,1
15.67,55.7178,0
37.5298,63.8444,0
85.9353,26.4136,2
11.5068,47.8137,0
99.85,42.1048,2
61.6288,27.4154,2
41.456,96.8368,1
34.8944,31.5233,0
87.6011,88.1605,1
11.7473,69.222,0
22.0764,44.2344,0
81.233,30.2876,2
31.2352,0.789804,0
99.385,29.8086,2
42.0781,76.851,1
83.8307,99.4689,1
59.1004,33.3524,2
41.8668,0.66012,0
21.6423,89.6769,1
44.1482,84.1303,1
15.5894,41.9058,0
36.2093,54.0838,0
68.348,35.1081,2
83.5394,60.6996,2
82.0676,71.8606,2
88.5481,89.7004,2
60.0289,35.1066,0
38.7709,29.3776,0
35.9626,24.2536,0
15.6333,88.9502,1
34.0029,23.1227,0
40.2707,96.4216,1
45.0438,64.4241,1
